intime
0716012_OS_hw2		80		[1, 2, 3, 4]
0816055_OS_hw2		80		[1, 2, 3, 4]
0816011_OS_hw2		40		[1, 3]
0813358_OS_hw2		80		[1, 2, 3, 4]
0816012_OS_HW2		0		[]
0717030_OS_hw2		60		[1, 2, 4]
0816147_OS_hw2		80		[1, 2, 3, 4]
610001041_OS_hw2	70*		[1, 2, 3, 4]
0711624_OS_hw2		40		[1, 2]
0816169_OS_hw2		80		[1, 2, 3, 4]
0616334_OS_hw2		50*		[1, 2, 3]
610001009_OS_hw2	80		[1, 2, 3, 4]
0816143_OS_hw2		80		[1, 2, 3, 4]
0711506_OS_hw2		80		[1, 2, 3, 4]
0713332_OS_hw2		80		[1, 2, 3, 4]
0613246_OS_hw2		80		[1, 2, 3, 4]
0816023_OS_hw2		80		[1, 2, 3, 4]
0816001_OS_hw2		80		[1, 2, 3, 4]
610001018_OS_hw2	80		[1, 2, 3, 4]
0816080_OS_hw2		40		[1, 3]
0716047_OW_hw2		60		[1, 2, 3]
0816039_OS_hw2		80		[1, 2, 3, 4]
0810509_OS_hw2		80		[1, 2, 3, 4]
0816096_OS_hw2		80		[1, 2, 3, 4]
0816069_OS_hw2		80		[1, 2, 3, 4]
0816079_OS_hw2		60		[1, 2, 3]
0717001_OS_hw2		60		[1, 2, 3]
0816167_OS_HW2		0		[]
0816047_OS_hw2		80		[1, 2, 3, 4]
0816084_OS_hw2		60		[1, 2, 4]
0816007_OS_hw2		60		[1, 2, 3]
0816153_OS_hw2		80		[1, 2, 3, 4]
0816061_OS_hw2		80		[1, 2, 3, 4]
0611042_OS_hw2		80		[1, 2, 3, 4]
0816075_OS_HW2		40		[1, 2]
0813463_os_hw2		40		[1, 4]
0816123_OS_hw2		60*		[1, 2, 3]
0816188_OS_hw2		80		[1, 2, 3, 4]
0617050_OS_hw2		60		[1, 2, 3]
0816176_OS_HW2		80		[1, 2, 3, 4]
0816139_OS_hw2		80		[1, 2, 3, 4]
0816067_OS_hw2		50*		[1, 2, 4]
0816111_OS_hw2		80		[1, 2, 3, 4]
0816095_OS_hw2		60		[1, 2, 3]
0816019_OS_hw2		80		[1, 2, 3, 4]
0816053_OS_hw2		80		[1, 2, 3, 4]
0816044_OS_hw2		80		[1, 2, 3, 4]
0816124_OS_hw2		80		[1, 2, 3, 4]
0816059_OS_hw2		80		[1, 2, 3, 4]
0816028_OS_hw2		80		[1, 2, 3, 4]
0816087_OS_hw2		80		[1, 2, 3, 4]
0713221_OS_hw2		80		[1, 2, 3, 4]
0816004_OS_hw2		80*		[1, 2, 3, 4]
0617021_OS_hw2		60		[1, 2, 3]
0717066_OS_hw2		80		[1, 2, 3, 4]
0816064_OS_hw2		80		[1, 2, 3, 4]
0811514_OS_hw2		80		[1, 2, 3, 4]
0811510_OS_hw2		80		[1, 2, 3, 4]
0816135_OS_hw2		80		[1, 2, 3, 4]
0816183_OS_hw2		60*		[1, 2, 3]
0812217_OS_hw2		60		[1, 2, 3]
0816015_OS_hw2		80		[1, 2, 3, 4]
0816063_OS_hw2		80		[1, 2, 3, 4]
0717034_OS_hw2		80		[1, 2, 3, 4]
0816043_OS_hw2		80		[1, 2, 3, 4]
0816131_OS_hw2		60		[1, 3, 4]
0813304_OS_hw2		80		[1, 2, 3, 4]
0717035_OS_hw2		80		[1, 2, 3, 4]
0711257_OS_hw2		40		[1, 3]
0816051_OS_hw2		0		[]
0816178_OS_hw2		80		[1, 2, 3, 4]
0712250_OS_hw2		80		[1, 2, 3, 4]
0816119_OS_hw2		80		[1, 2, 3, 4]
0816013_OS_hw2		80		[1, 2, 3, 4]
0816203_OS_hw2		80		[1, 2, 3, 4]
0713335_OS_hw2		60		[1, 2, 4]
0816016_OS_hw2		80		[1, 2, 3, 4]
0816192_OS_hw2		60		[1, 2, 3]
0816175_OS_hw2		60		[1, 2, 4]
109550068_OS_hw2	40		[1, 3]
0810756_OS_hw2		80		[1, 2, 3, 4]
0816136_OS_hw2		80		[1, 2, 3, 4]
0716338_OS_hw2		80		[1, 2, 3, 4]
0816031_OS_hw2		60*		[1, 2, 3]
0711524_OS_hw2		60		[1, 2, 3]
0816107_OS_hw2		60		[1, 2, 3]
0813366_OS_hw2		80*		[1, 2, 3, 4]
0812102_OS_hw2		40		[1, 2]
0613304_OS_hw2		80*		[1, 2, 3, 4]
0816115_OS_hw2		60		[1, 2, 3]
0816163_OS_hw2		80*		[1, 2, 3, 4]
0711539_OS_hw2		60*		[1, 3, 4]
0816179_OS_hw2		20		[1]
0816195_OS_hw2		60		[1, 2, 3]
0716201_OS_hw2		60*		[1, 3, 4]
0710027_OS_hw2		40*		[2, 4]

basketball850924	0		[]
chihhui5		40		[1, 2]
hi123hi789		20		[1]
lovezaxkyle		40		[1, 3]
s0911589626		20		[1]
weekend918		0		[]


late submission
0812116_OS_hw2		0		[]
0513342_OS_hw2		60		[1, 2, 3]
0816091_OS_hw2		60		[1, 2, 3]
0816156_OS_hw2		80*		[1, 2, 3, 4]
0710028_OS_hw2		0		[]


